255 255 255 255 255 255 255 255 255 255 255 255 255 255 255 255
255 255 255 255 255 254 249 236 235 249 254 255 255 255 255 255
255 255 254 254 228 141  32   0   1  30 139 226 254 254 255 255
255 255 254 210  39   1   4  11  90  46   1  38 204 254 255 255
255 255 228  39   0   0  21 106   9  61   0   0  39 226 255 255
255 254 141   1   0   0  29  50  28  24   0   0   1 133 254 255
255 249  32   0   0   0  22  35  47  41  30  21   0  28 247 255
255 236   0   0   0   3  88  72  89  91 115  26   0   0 230 255
255 235   0   0  32  66  70  53  90  55  54   0   0   0 230 255
255 249  30   0  48 116  74  23  79 105   4   0   0  26 247 255
255 254 139   1   3  97  52  12  17  85   0   0   1 130 254 255
255 255 226  38   0  67   5   0  82  21   0   0  37 225 254 255
255 255 254 204  39   3  80  83  11   0   1  37 198 254 255 255
255 255 254 254 226 133  28   0   0  26 130 225 254 255 255 255
255 255 255 255 255 254 248 231 230 247 254 254 255 255 255 255
255 255 255 255 255 255 255 255 255 255 255 255 255 255 255 255
255 255 255 255 255 255 255 255 255 255 255 255 255 255 255 255
255 255 255 255 255 254 249 236 235 249 254 255 255 255 255 255
255 255 254 254 228 141  32   0   1  30 139 226 254 254 255 255
255 255 254 210  39   1   4  11  91  47   1  38 204 254 255 255
255 255 228  39   0   0  22 107   9  62   0   0  39 226 255 255
255 254 141   1   0   0  30  51  28  25   0   0   1 133 254 255
255 249  32   0   0   0  23  36  48  41  31  22   0  28 247 255
255 236   0   0   0   3  89  73  90  92 116  27   0   0 230 255
255 235   0   0  33  67  71  53  91  56  55   0   0   0 230 255
255 249  30   0  48 117  74  24  79 106   4   0   0  26 247 255
255 254 139   1   3  98  53  12  17  85   0   0   1 130 254 255
255 255 226  38   0  68   5   0  82  21   0   0  37 225 254 255
255 255 254 204  39   3  80  83  11   0   1  37 198 254 255 255
255 255 254 254 226 133  28   0   0  26 130 225 254 255 255 255
255 255 255 255 255 254 248 231 230 247 254 254 255 255 255 255
255 255 255 255 255 255 255 255 255 255 255 255 255 255 255 255
255 255 255 255 255 255 255 255 255 255 255 255 255 255 255 255
255 255 255 255 255 254 249 236 235 249 254 255 255 255 255 255
255 255 254 254 228 141  32   0   1  30 139 226 254 254 255 255
255 255 254 210  39   1   4  11  92  47   1  38 204 254 255 255
255 255 228  39   0   0  22 107   9  62   0   0  39 226 255 255
255 254 141   1   0   0  30  51  29  25   0   0   1 133 254 255
255 249  32   0   0   0  23  36  48  41  31  22   0  28 247 255
255 236   0   0   0   3  90  74  91  93 116  27   0   0 230 255
255 235   0   0  33  68  72  54  92  56  55   0   0   0 230 255
255 249  30   0  49 119  75  24  80 107   4   0   0  26 247 255
255 254 139   1   3  99  53  12  17  86   0   0   1 130 254 255
255 255 226  38   0  69   5   0  83  21   0   0  37 225 254 255
255 255 254 204  39   3  81  84  11   0   1  37 198 254 255 255
255 255 254 254 226 133  28   0   0  26 130 225 254 255 255 255
255 255 255 255 255 254 248 231 230 247 254 254 255 255 255 255
255 255 255 255 255 255 255 255 255 255 255 255 255 255 255 255

255 255 255 255 255 255 255 255 255 255 255 255 255 255 255 255
255 255 255 255 255 254 248 230 230 248 254 255 255 255 255 255
255 255 255 255 226 134  28   1   1  27 131 225 254 255 255 255
255 255 254 204  40   1   0   0   0   0   1  38 198 254 255 255
255 255 226  38   0   0  22  27   0   0   0   0  38 225 255 255
255 254 140   1   0   0  31 116  55   4   0   0   1 131 254 255
255 249  30  47  62  25  41  92  56 105  86  22   0  27 248 255
255 236   1  91   9  29  48  90  91  79  17  83  12   1 230 255
255 236   1  11 106  51  36  73  54  24  12   0  83   1 231 255
255 250  32   5  22  30  23  89  70  74  52   5  80  28 248 255
255 254 142   1   0   0   0   3  66 116  97  68   3 134 254 255
255 255 228  40   0   0   0   0  33  49   3   1  39 226 255 255
255 255 255 211  40   1   0   0   0   0   1  38 204 255 255 255
255 255 255 255 228 142  32   1   1  30 140 226 254 255 255 255
255 255 255 255 255 254 250 236 236 249 254 255 255 255 255 255
255 255 255 255 255 255 255 255 255 255 255 255 255 255 255 255
255 255 255 255 255 255 255 255 255 255 255 255 255 255 255 255
255 255 255 255 255 254 248 230 230 248 254 255 255 255 255 255
255 255 255 255 226 134  28   1   1  27 131 225 254 255 255 255
255 255 254 204  40   1   0   0   0   0   1  38 198 254 255 255
255 255 226  38   0   0  22  27   0   0   0   0  38 225 255 255
255 254 140   1   0   0  31 116  55   4   0   0   1 131 254 255
255 249  30  47  62  25  42  93  56 106  86  22   0  27 248 255
255 236   1  92   9  29  48  91  91  80  17  83  12   1 230 255
255 236   1  11 107  51  36  74  54  24  12   0  83   1 231 255
255 250  32   5  22  30  23  89  71  75  53   6  80  28 248 255
255 254 142   1   0   0   0   4  67 118  98  68   3 134 254 255
255 255 228  40   0   0   0   0  33  49   3   1  39 226 255 255
255 255 255 211  40   1   0   0   0   0   1  38 204 255 255 255
255 255 255 255 228 142  32   1   1  30 140 226 254 255 255 255
255 255 255 255 255 254 250 236 236 249 254 255 255 255 255 255
255 255 255 255 255 255 255 255 255 255 255 255 255 255 255 255
255 255 255 255 255 255 255 255 255 255 255 255 255 255 255 255
255 255 255 255 255 254 248 230 230 248 254 255 255 255 255 255
255 255 255 255 226 134  28   1   1  27 131 225 254 255 255 255
255 255 254 204  40   1   0   0   0   0   1  38 198 254 255 255
255 255 226  38   0   0  22  27   0   0   0   0  38 225 255 255
255 254 140   1   0   0  31 117  56   4   0   0   1 131 254 255
255 249  30  48  63  25  42  93  57 107  86  22   0  27 248 255
255 236   1  92  10  29  49  91  93  80  17  83  12   1 230 255
255 236   1  12 107  51  37  75  54  25  13   0  85   1 231 255
255 250  32   5  22  30  23  90  72  76  54   6  81  28 248 255
255 254 142   1   0   0   0   4  68 119  99  69   3 134 254 255
255 255 228  40   0   0   0   0  33  50   3   1  39 226 255 255
255 255 255 211  40   1   0   0   0   0   1  38 204 255 255 255
255 255 255 255 228 142  32   1   1  30 140 226 254 255 255 255
255 255 255 255 255 254 250 236 236 249 254 255 255 255 255 255
255 255 255 255 255 255 255 255 255 255 255 255 255 255 255 255

255 255 255 255 255 255 255 255 255 255 255 255 255 255 255 255
255 255 255 255 255 254 248 230 231 248 254 255 255 255 255 255
255 255 255 254 225 131  27   1   1  28 134 226 255 255 255 255
255 255 254 198  38   1   0  12  83  80   3  39 204 254 255 255
255 255 225  38   0   0  22  83   0   5  68   1  38 226 255 255
255 254 131   1   0   0  86  17  12  52  97   3   1 140 254 255
255 248  27   0   0   4 105  79  24  74 116  49   0  30 249 255
255 230   1   0   0  55  56  91  54  70  66  33   0   1 236 255
255 230   1   0  27 116  92  90  73  89   3   0   0   1 236 255
255 248  28   0  22  31  41  48  36  23   0   0   0  32 250 255
255 254 134   1   0   0  25  29  51  30   0   0   1 142 254 255
255 255 226  40   0   0  62   9 106  22   0   0  40 228 255 255
255 255 255 204  38   1  47  91  11   5   1  40 211 255 255 255
255 255 255 254 226 140  30   1   1  32 142 228 255 255 255 255
255 255 255 255 255 254 249 236 236 250 254 255 255 255 255 255
255 255 255 255 255 255 255 255 255 255 255 255 255 255 255 255
255 255 255 255 255 255 255 255 255 255 255 255 255 255 255 255
255 255 255 255 255 254 248 230 231 248 254 255 255 255 255 255
255 255 255 254 225 131  27   1   1  28 134 226 255 255 255 255
255 255 254 198  38   1   0  12  83  80   3  39 204 254 255 255
255 255 225  38   0   0  22  83   0   6  68   1  38 226 255 255
255 254 131   1   0   0  86  17  12  53  98   3   1 140 254 255
255 248  27   0   0   4 106  80  24  75 118  49   0  30 249 255
255 230   1   0   0  55  56  91  54  71  67  33   0   1 236 255
255 230   1   0  27 116  93  91  74  89   4   0   0   1 236 255
255 248  28   0  22  31  42  48  36  23   0   0   0  32 250 255
255 254 134   1   0   0  25  29  51  30   0   0   1 142 254 255
255 255 226  40   0   0  62   9 107  22   0   0  40 228 255 255
255 255 255 204  38   1  47  92  11   5   1  40 211 255 255 255
255 255 255 254 226 140  30   1   1  32 142 228 255 255 255 255
255 255 255 255 255 254 249 236 236 250 254 255 255 255 255 255
255 255 255 255 255 255 255 255 255 255 255 255 255 255 255 255
255 255 255 255 255 255 255 255 255 255 255 255 255 255 255 255
255 255 255 255 255 254 248 230 231 248 254 255 255 255 255 255
255 255 255 254 225 131  27   1   1  28 134 226 255 255 255 255
255 255 254 198  38   1   0  12  85  81   3  39 204 254 255 255
255 255 225  38   0   0  22  83   0   6  69   1  38 226 255 255
255 254 131   1   0   0  86  17  13  54  99   3   1 140 254 255
255 248  27   0   0   4 107  80  25  76 119  50   0  30 249 255
255 230   1   0   0  56  57  93  54  72  68  33   0   1 236 255
255 230   1   0  27 117  93  91  75  90   4   0   0   1 236 255
255 248  28   0  22  31  42  49  37  23   0   0   0  32 250 255
255 254 134   1   0   0  25  29  51  30   0   0   1 142 254 255
255 255 226  40   0   0  63  10 107  22   0   0  40 228 255 255
255 255 255 204  38   1  48  92  12   5   1  40 211 255 255 255
255 255 255 254 226 140  30   1   1  32 142 228 255 255 255 255
255 255 255 255 255 254 249 236 236 250 254 255 255 255 255 255
255 255 255 255 255 255 255 255 255 255 255 255 255 255 255 255

255 255 255 255 255 255 255 255 255 255 255 255 255 255 255 255
255 255 255 255 255 254 249 236 236 250 254 255 255 255 255 255
255 255 255 254 226 140  30   1   1  32 142 228 255 255 255 255
255 255 255 204  38   1   0   0   0   0   1  40 211 255 255 255
255 255 226  39   1   3  49  33   0   0   0   0  40 228 255 255
255 254 134   3  68  97 116  66   3   0   0   0   1 142 254 255
255 248  28  80   5  52  74  70  89  23  30  22   5  32 250 255
255 231   1  83   0  12  24  54  73  36  51 106  11   1 236 255
255 230   1  12  83  17  79  91  90  48  29   9  91   1 236 255
255 248  27   0  22  86 105  56  92  41  25  62  47  30 249 255
255 254 131   1   0   0   4  55 116  31   0   0   1 140 254 255
255 255 225  38   0   0   0   0  27  22   0   0  38 226 255 255
255 255 254 198  38   1   0   0   0   0   1  40 204 254 255 255
255 255 255 254 225 131  27   1   1  28 134 226 255 255 255 255
255 255 255 255 255 254 248 230 230 248 254 255 255 255 255 255
255 255 255 255 255 255 255 255 255 255 255 255 255 255 255 255
255 255 255 255 255 255 255 255 255 255 255 255 255 255 255 255
255 255 255 255 255 254 249 236 236 250 254 255 255 255 255 255
255 255 255 254 226 140  30   1   1  32 142 228 255 255 255 255
255 255 255 204  38   1   0   0   0   0   1  40 211 255 255 255
255 255 226  39   1   3  49  33   0   0   0   0  40 228 255 255
255 254 134   3  68  98 118  67   4   0   0   0   1 142 254 255
255 248  28  80   6  53  75  71  89  23  30  22   5  32 250 255
255 231   1  83   0  12  24  54  74  36  51 107  11   1 236 255
255 230   1  12  83  17  80  91  91  48  29   9  92   1 236 255
255 248  27   0  22  86 106  56  93  42  25  62  47  30 249 255
255 254 131   1   0   0   4  55 116  31   0   0   1 140 254 255
255 255 225  38   0   0   0   0  27  22   0   0  38 226 255 255
255 255 254 198  38   1   0   0   0   0   1  40 204 254 255 255
255 255 255 254 225 131  27   1   1  28 134 226 255 255 255 255
255 255 255 255 255 254 248 230 230 248 254 255 255 255 255 255
255 255 255 255 255 255 255 255 255 255 255 255 255 255 255 255
255 255 255 255 255 255 255 255 255 255 255 255 255 255 255 255
255 255 255 255 255 254 249 236 236 250 254 255 255 255 255 255
255 255 255 254 226 140  30   1   1  32 142 228 255 255 255 255
255 255 255 204  38   1   0   0   0   0   1  40 211 255 255 255
255 255 226  39   1   3  50  33   0   0   0   0  40 228 255 255
255 254 134   3  69  99 119  68   4   0   0   0   1 142 254 255
255 248  28  81   6  54  76  72  90  23  30  22   5  32 250 255
255 231   1  85   0  13  25  54  75  37  51 107  12   1 236 255
255 230   1  12  83  17  80  93  91  49  29  10  92   1 236 255
255 248  27   0  22  86 107  57  93  42  25  63  48  30 249 255
255 254 131   1   0   0   4  56 117  31   0   0   1 140 254 255
255 255 225  38   0   0   0   0  27  22   0   0  38 226 255 255
255 255 254 198  38   1   0   0   0   0   1  40 204 254 255 255
255 255 255 254 225 131  27   1   1  28 134 226 255 255 255 255
255 255 255 255 255 254 248 230 230 248 254 255 255 255 255 255
255 255 255 255 255 255 255 255 255 255 255 255 255 255 255 255
